# layer: S4
# shape: 5x5x16
# count: 400
# dtype: int8
# order: row-major (C order), matches NumPy .flatten() on this shape
20
61
31
2
40
2
0
23
45
80
0
0
0
57
1
18
54
41
0
25
98
0
19
65
74
95
0
0
0
43
0
9
41
57
0
2
97
0
9
67
75
56
0
0
0
48
0
28
20
53
65
9
76
0
16
60
66
46
0
0
0
50
0
21
6
18
0
0
63
0
33
29
34
0
4
0
43
35
0
13
17
0
0
71
50
72
32
0
0
0
83
3
7
0
2
0
29
0
7
98
15
127
0
0
0
32
96
33
0
0
0
0
31
0
5
117
0
127
0
0
0
23
111
56
0
33
0
0
24
0
100
91
0
1
0
0
0
19
6
29
42
6
9
0
23
0
0
24
0
0
80
30
33
0
17
28
66
0
1
0
0
28
2
0
38
0
11
0
18
0
0
4
0
0
0
5
0
57
0
0
51
35
0
0
0
0
13
0
0
13
0
20
0
45
23
5
20
29
0
0
0
0
0
20
0
50
0
10
0
0
0
15
0
0
0
0
0
0
25
0
94
0
18
0
0
19
0
3
0
18
65
19
0
0
27
2
0
10
23
90
0
17
0
0
2
4
0
0
1
0
6
0
0
0
0
12
0
21
67
2
0
4
5
1
0
0
0
40
0
70
0
11
0
0
73
21
0
0
3
0
0
0
0
30
108
59
0
11
0
0
0
0
0
12
13
27
0
0
37
0
101
0
12
89
0
21
0
5
0
17
28
0
0
0
0
0
0
14
0
96
0
17
0
0
0
5
0
0
2
0
1
18
0
38
0
10
2
12
49
1
0
0
0
0
0
7
0
48
0
64
0
0
9
0
0
16
0
0
14
19
0
24
18
0
97
0
5
0
0
20
0
2
0
16
25
32
0
0
22
0
0
8
13
103
0
24
0
7
0
3
15
0
1
0
0
0
0
10
0
20
