# layer: S2
# shape: 14x14x6
# count: 1176
# dtype: int8
# order: row-major (C order), matches NumPy .flatten() on this shape
0
0
0
0
0
0
0
0
0
0
0
0
0
0
0
0
0
0
0
0
0
0
0
0
0
0
0
0
0
0
0
0
0
0
0
0
0
0
0
0
0
0
0
0
0
0
0
0
0
0
0
0
0
0
0
0
0
0
0
0
0
0
0
0
0
0
0
0
0
0
0
0
0
0
0
0
0
0
0
0
0
0
0
0
0
0
0
0
0
0
0
0
0
0
0
0
0
0
0
0
0
0
0
0
0
0
0
0
0
0
0
0
0
0
0
0
0
0
0
0
0
0
0
0
0
0
0
0
0
0
0
0
0
0
0
0
0
0
0
0
0
0
0
0
0
0
0
0
0
0
0
0
0
0
0
0
0
0
0
0
0
0
0
0
0
0
0
0
0
0
0
0
0
0
0
0
0
0
0
0
1
0
12
9
0
5
19
0
14
8
0
13
32
0
0
0
0
5
24
0
0
0
1
0
6
0
0
0
0
0
0
0
0
0
0
0
0
0
0
0
0
0
0
0
0
0
0
0
0
0
0
0
0
0
0
0
0
0
0
0
0
0
0
0
0
0
0
0
0
0
0
0
0
0
0
0
0
0
0
0
0
0
0
0
31
8
40
31
2
33
65
17
86
33
0
59
68
8
107
7
0
21
52
0
96
2
0
0
78
0
67
0
0
7
83
0
59
0
0
15
85
0
57
0
0
14
81
0
57
0
0
15
57
0
22
0
9
0
23
0
0
0
17
0
0
0
0
0
0
0
0
0
0
0
0
0
0
0
0
0
0
0
0
0
0
0
0
0
6
51
16
16
0
32
0
91
66
37
0
55
0
111
100
41
0
12
0
105
111
44
0
20
0
108
112
23
0
6
4
110
113
15
0
3
4
104
117
37
0
0
8
80
127
43
0
33
8
45
75
0
50
0
1
18
31
0
52
0
0
0
0
0
0
0
0
0
0
0
0
0
0
0
0
0
0
0
0
0
0
0
0
0
0
16
0
0
0
0
2
50
0
16
0
0
7
58
0
29
0
7
4
74
0
46
0
15
15
88
0
44
0
10
14
90
0
46
0
5
63
74
46
76
0
57
54
97
48
71
0
91
0
64
60
8
87
0
7
15
30
0
62
0
0
0
0
0
0
0
0
0
0
0
0
0
0
0
0
0
0
0
0
0
0
0
0
0
0
0
0
0
0
0
0
0
0
0
0
0
0
0
0
0
0
0
0
4
0
0
0
0
3
4
0
0
0
0
25
0
38
31
0
16
57
53
49
39
0
87
13
70
57
21
19
63
3
69
56
0
75
0
15
0
6
0
32
0
0
0
0
0
0
0
0
0
0
0
0
0
0
0
0
0
0
0
0
0
0
0
0
0
0
0
0
0
0
0
0
0
0
0
0
0
0
0
0
0
0
0
0
0
0
0
0
0
0
0
6
4
0
0
34
21
48
36
0
58
30
61
36
30
0
83
0
74
50
0
78
0
19
25
29
0
70
3
5
0
0
0
4
0
0
0
0
0
0
0
0
0
0
0
0
0
0
0
0
0
0
0
0
0
0
0
0
0
0
0
0
0
0
0
0
0
0
0
0
0
0
0
0
0
0
0
0
0
0
0
0
0
28
0
43
34
2
25
51
46
45
32
0
76
0
68
52
17
28
54
10
64
47
0
75
0
15
0
3
0
26
2
0
0
0
0
0
0
0
0
0
0
0
0
0
0
0
0
0
0
0
0
0
0
0
0
0
0
0
0
0
0
0
0
0
0
0
0
0
0
0
0
0
0
0
0
0
0
0
0
16
0
24
24
2
0
53
35
54
38
0
81
50
69
40
23
0
80
0
73
58
0
71
0
14
20
24
0
62
2
4
0
0
0
0
0
0
0
0
0
0
0
0
0
0
0
0
0
0
0
0
0
0
0
0
0
0
0
0
0
0
0
0
0
0
0
0
0
0
0
0
0
0
0
0
0
0
0
2
0
7
5
0
0
46
8
54
36
2
56
49
59
43
29
0
90
0
78
57
1
62
22
19
64
44
2
69
0
16
0
2
0
23
2
0
0
0
0
0
0
0
0
0
0
0
0
0
0
0
0
0
0
0
0
0
0
0
0
0
0
0
0
0
0
0
0
0
0
0
0
0
0
0
0
0
0
0
0
0
0
0
0
24
0
37
30
0
16
52
31
56
50
0
89
12
66
65
26
0
81
17
68
45
0
84
0
20
8
8
0
44
2
2
0
0
0
0
0
0
0
0
0
0
0
0
0
0
0
0
0
0
0
0
0
0
0
0
0
0
0
0
0
0
0
0
0
0
0
0
0
0
0
0
0
0
0
0
0
0
0
0
0
0
0
0
0
27
39
43
33
0
32
28
118
55
47
0
84
0
112
78
33
53
20
0
41
58
0
84
0
3
0
4
0
12
0
0
0
0
0
0
0
0
0
0
0
0
0
0
0
0
0
0
0
0
0
0
0
0
0
0
0
0
0
0
0
0
0
0
0
0
0
0
0
0
0
0
0
0
0
0
0
0
0
0
0
0
0
0
0
0
51
0
1
0
22
0
96
1
32
0
34
23
93
30
33
59
0
30
20
18
8
53
4
3
0
0
0
2
0
0
0
0
0
0
0
0
0
0
0
0
0
0
0
0
0
0
0
0
0
0
0
0
0
0
0
0
0
0
0
